[0.24551682]   [0.12200581]
[0.12200581]   [0.16611856]
[0.16611856]   [0.07148442]
[0.07148442]   [0.1337835]
[0.1337835]   [0.08764044]
[0.08764044]   [0.24551682]
[0.24551682]   [0.24551682]
[0.24551682]   [0.24551682]
[0.24551682]   [0.24551682]
[0.24551682]   [0.15943798]
[0.15943798]   [0.16540395]
[0.16540395]   [0.06422357]
[0.06422357]   [0.09834702]
[0.09834702]   [0.05203174]
[0.05203174]   [0.14103372]
[0.14103372]   [0.23683934]
[0.23683934]   [0.24551682]
[0.24551682]   [0.0744606]
[0.0744606]   [0.03639604]
[0.03639604]   [0.07199673]
[0.07199673]   [0.02810986]
[0.02810986]   [0.08626924]
[0.08626924]   [0.19824332]
[0.19824332]   [0.24551682]
[0.24551682]   [0.24551682]
[0.24551682]   [0.09955242]
[0.09955242]   [0.09736088]
[0.09736088]   [0.05961087]
[0.05961087]   [0.10329442]
[0.10329442]   [0.03878628]
[0.03878628]   [0.13043502]
[0.13043502]   [0.19035242]
[0.19035242]   [0.24551682]
[0.24551682]   [0.23221251]
[0.23221251]   [0.18636169]
[0.18636169]   [0.24616845]
[0.24616845]   [0.15156959]
[0.15156959]   [0.18200888]
[0.18200888]   [0.06045099]
[0.06045099]   [0.08192638]
[0.08192638]   [0.02837604]
[0.02837604]   [0.04357766]
[0.04357766]   [0.11543045]
[0.11543045]   [0.24616845]
[0.24616845]   [0.24616845]
[0.24616845]   [0.12580806]
[0.12580806]   [0.20421328]
[0.20421328]   [0.15527205]
[0.15527205]   [0.24616845]
[0.24616845]   [0.0982864]
[0.0982864]   [0.12545046]
[0.12545046]   [0.17417963]
[0.17417963]   [0.24616845]
[0.24616845]   [0.09368469]
[0.09368469]   [0.081057]
[0.081057]   [0.09976755]
[0.09976755]   [0.05641952]
[0.05641952]   [0.10863601]
[0.10863601]   [0.11067069]
[0.11067069]   [0.12204244]
[0.12204244]   [0.10164692]
[0.10164692]   [0.13244283]
[0.13244283]   [0.1271517]
[0.1271517]   [0.2053251]
[0.2053251]   [0.24616845]
[0.24616845]   [0.24616845]
[0.24616845]   [0.1706686]
[0.1706686]   [0.18902588]
[0.18902588]   [0.24616845]
[0.24616845]   [0.14400956]
[0.14400956]   [0.23162952]
[0.23162952]   [0.26946035]
[0.26946035]   [0.09748245]
[0.09748245]   [0.08198304]
[0.08198304]   [0.09853768]
[0.09853768]   [0.10278662]
[0.10278662]   [0.03962519]
[0.03962519]   [0.12894776]
[0.12894776]   [0.14866781]
[0.14866781]   [0.26946035]
[0.26946035]   [0.26946035]
[0.26946035]   [0.15258133]
[0.15258133]   [0.05885083]
[0.05885083]   [0.04785812]
[0.04785812]   [0.04173085]
[0.04173085]   [0.02411805]
[0.02411805]   [0.11046163]
[0.11046163]   [0.1560595]
[0.1560595]   [0.26946035]
[0.26946035]   [0.18309808]
[0.18309808]   [0.12178906]
[0.12178906]   [0.1889994]
[0.1889994]   [0.17815319]
[0.17815319]   [0.10441486]
[0.10441486]   [0.09994546]
[0.09994546]   [0.2330596]
[0.2330596]   [0.1521568]
[0.1521568]   [0.26946035]
[0.26946035]   [0.26946035]
[0.26946035]   [0.09355454]
[0.09355454]   [0.08496475]
[0.08496475]   [0.08152768]
[0.08152768]   [0.09657495]
[0.09657495]   [0.14214186]
[0.14214186]   [0.17822523]
[0.17822523]   [0.2150387]
[0.2150387]   [0.26946035]
[0.26946035]   [0.29982522]
[0.29982522]   [0.1304754]
[0.1304754]   [0.03812684]
[0.03812684]   [0.00841063]
[0.00841063]   [0.02182587]
[0.02182587]   [0.01123336]
[0.01123336]   [0.04441719]
[0.04441719]   [0.10890032]
[0.10890032]   [0.29982522]
[0.29982522]   [0.29982522]
[0.29982522]   [0.08859798]
[0.08859798]   [0.02847789]
[0.02847789]   [0.00057274]
[0.00057274]   [0.00465433]
[0.00465433]   [0.00714529]
[0.00714529]   [0.03359579]
[0.03359579]   [0.14463893]
[0.14463893]   [0.29982522]
[0.29982522]   [0.29982522]
[0.29982522]   [0.08888279]
[0.08888279]   [0.03582244]
[0.03582244]   [0.03631883]
[0.03631883]   [0.08149317]
[0.08149317]   [0.19255114]
[0.19255114]   [0.13906586]
[0.13906586]   [0.17503035]
[0.17503035]   [0.29982522]
[0.29982522]   [0.29982522]
[0.29982522]   [0.10044655]
[0.10044655]   [0.02765112]
[0.02765112]   [0.03727631]
[0.03727631]   [0.08169207]
[0.08169207]   [0.16439565]
[0.16439565]   [0.16531911]
[0.16531911]   [0.19133498]
[0.19133498]   [0.29982522]
[0.29982522]   [0.3350908]
[0.3350908]   [0.05431293]
[0.05431293]   [0.01479205]
[0.01479205]   [0.00261775]
[0.00261775]   [0.00488256]
[0.00488256]   [0.01305947]
[0.01305947]   [0.01416752]
[0.01416752]   [0.121634]
[0.121634]   [0.3350908]
[0.3350908]   [0.3350908]
[0.3350908]   [0.0594236]
[0.0594236]   [0.01021631]
[0.01021631]   [0.01106021]
[0.01106021]   [0.0182699]
[0.0182699]   [0.00506021]
[0.00506021]   [0.00649891]
[0.00649891]   [0.08262296]
[0.08262296]   [0.3350908]
[0.3350908]   [0.3350908]
[0.3350908]   [0.10133164]
[0.10133164]   [0.02615851]
[0.02615851]   [0.04189224]
[0.04189224]   [0.07010468]
[0.07010468]   [0.0918892]
[0.0918892]   [0.09780704]
[0.09780704]   [0.1149056]
[0.1149056]   [0.3350908]
[0.3350908]   [0.3350908]
[0.3350908]   [0.09179023]
[0.09179023]   [0.05418218]
[0.05418218]   [0.0384561]
[0.0384561]   [0.02665748]
[0.02665748]   [0.03226271]
[0.03226271]   [0.03103443]
[0.03103443]   [0.06799947]
[0.06799947]   [0.3350908]
[0.3350908]   [0.26374355]
[0.26374355]   [0.08276166]
[0.08276166]   [0.09032848]
[0.09032848]   [0.0520571]
[0.0520571]   [0.09219736]
[0.09219736]   [0.09352461]
[0.09352461]   [0.04154957]
[0.04154957]   [0.07873414]
[0.07873414]   [0.26374355]
[0.26374355]   [0.26374355]
[0.26374355]   [0.13654782]
[0.13654782]   [0.17267042]
[0.17267042]   [0.09825387]
[0.09825387]   [0.23141015]
[0.23141015]   [0.17652653]
[0.17652653]   [0.1346186]
[0.1346186]   [0.14303087]
[0.14303087]   [0.26374355]
[0.26374355]   [0.26374355]
[0.26374355]   [0.14194188]
[0.14194188]   [0.21036968]
[0.21036968]   [0.07175696]
[0.07175696]   [0.02973882]
[0.02973882]   [0.04148125]
[0.04148125]   [0.03172209]
[0.03172209]   [0.08069752]
[0.08069752]   [0.26374355]
[0.26374355]   [0.26374355]
[0.26374355]   [0.15888578]
[0.15888578]   [0.26374355]
[0.26374355]   [0.08994524]
[0.08994524]   [0.06552307]
[0.06552307]   [0.05624466]
[0.05624466]   [0.08380635]
[0.08380635]   [0.13974987]
[0.13974987]   [0.26374355]
[0.26374355]   [0.21009377]
[0.21009377]   [0.14955473]
[0.14955473]   [0.10512805]
[0.10512805]   [0.06743169]
[0.06743169]   [0.16152982]
[0.16152982]   [0.08221619]
[0.08221619]   [0.1171978]
[0.1171978]   [0.14351013]
[0.14351013]   [0.25858346]
[0.25858346]   [0.15664108]
[0.15664108]   [0.13527273]
[0.13527273]   [0.09003854]
[0.09003854]   [0.09444618]
[0.09444618]   [0.16475517]
[0.16475517]   [0.08469595]
[0.08469595]   [0.12644455]
[0.12644455]   [0.18367328]
[0.18367328]   [0.24674556]
[0.24674556]   [0.25858346]
[0.25858346]   [0.1399589]
[0.1399589]   [0.08768374]
[0.08768374]   [0.07404706]
[0.07404706]   [0.10369337]
[0.10369337]   [0.08036466]
[0.08036466]   [0.10445467]
[0.10445467]   [0.16193324]
[0.16193324]   [0.25858346]
[0.25858346]   [0.25858346]
[0.25858346]   [0.08984064]
[0.08984064]   [0.06133523]
[0.06133523]   [0.08628716]
[0.08628716]   [0.22256291]
[0.22256291]   [0.19583172]
[0.19583172]   [0.21882038]
[0.21882038]   [0.25858346]
[0.25858346]   [0.25858346]
[0.25858346]   [0.13188118]
[0.13188118]   [0.14623955]
[0.14623955]   [0.13592902]
[0.13592902]   [0.10212307]
[0.10212307]   [0.15723051]
[0.15723051]   [0.06808735]
[0.06808735]   [0.10414435]
[0.10414435]   [0.16659771]
[0.16659771]   [0.14886084]
[0.14886084]   [0.16412611]
[0.16412611]   [0.17418295]
[0.17418295]   [0.20379333]
[0.20379333]   [0.15891719]
[0.15891719]   [0.11538675]
[0.11538675]   [0.09451687]
[0.09451687]   [0.08274842]
[0.08274842]   [0.14342865]
[0.14342865]   [0.17557377]
[0.17557377]   [0.24519257]
[0.24519257]   [0.07588162]
[0.07588162]   [0.11022391]
[0.11022391]   [0.0806203]
[0.0806203]   [0.12631159]
[0.12631159]   [0.11109585]
[0.11109585]   [0.15977733]
[0.15977733]   [0.2445852]
[0.2445852]   [0.24519257]
[0.24519257]   [0.24519257]
[0.24519257]   [0.181668]
[0.181668]   [0.24519257]
[0.24519257]   [0.24519257]
[0.24519257]   [0.16788758]
[0.16788758]   [0.12631619]
[0.12631619]   [0.1440153]
[0.1440153]   [0.19630174]
[0.19630174]   [0.24519257]
[0.24519257]   [0.1297998]
[0.1297998]   [0.10575984]
[0.10575984]   [0.09698658]
[0.09698658]   [0.17803828]
[0.17803828]   [0.12228674]
[0.12228674]   [0.15441845]
[0.15441845]   [0.10444061]
[0.10444061]   [0.09971409]
[0.09971409]   [0.14579885]
[0.14579885]   [0.09483802]
[0.09483802]   [0.06990809]
[0.06990809]   [0.06200262]
[0.06200262]   [0.10922906]
[0.10922906]   [0.12633795]
[0.12633795]   [0.21735905]
[0.21735905]   [0.24050288]
[0.24050288]   [0.17199767]
[0.17199767]   [0.15118957]
[0.15118957]   [0.24050288]
[0.24050288]   [0.18255797]
[0.18255797]   [0.15498923]
[0.15498923]   [0.24050288]
[0.24050288]   [0.16232379]
[0.16232379]   [0.11727815]
[0.11727815]   [0.13728288]
[0.13728288]   [0.20303409]
[0.20303409]   [0.24050288]
[0.24050288]   [0.24050288]
[0.24050288]   [0.21354079]
[0.21354079]   [0.05679037]
[0.05679037]   [0.11804427]
[0.11804427]   [0.06440987]
[0.06440987]   [0.12282135]
[0.12282135]   [0.24050288]
[0.24050288]   [0.24050288]
[0.24050288]   [0.24050288]
[0.24050288]   [0.0896135]
[0.0896135]   [0.06449913]
[0.06449913]   [0.07881668]
[0.07881668]   [0.09570356]
[0.09570356]   [0.09643801]
[0.09643801]   [0.12454074]
[0.12454074]   [0.25476176]
[0.25476176]   [0.18240893]
[0.18240893]   [0.13012959]
[0.13012959]   [0.1671321]
[0.1671321]   [0.07708169]
[0.07708169]   [0.07101596]
[0.07101596]   [0.1211332]
[0.1211332]   [0.09874444]
[0.09874444]   [0.06920899]
[0.06920899]   [0.18223973]
[0.18223973]   [0.20372638]
[0.20372638]   [0.19603875]
[0.19603875]   [0.25476176]
[0.25476176]   [0.25476176]
[0.25476176]   [0.1346716]
[0.1346716]   [0.11310616]
[0.11310616]   [0.04068347]
[0.04068347]   [0.07112123]
[0.07112123]   [0.25476176]
[0.25476176]   [0.25476176]
[0.25476176]   [0.25476176]
[0.25476176]   [0.25476176]
[0.25476176]   [0.25008717]
[0.25008717]   [0.10270107]
[0.10270107]   [0.08731372]
[0.08731372]   [0.050894]
[0.050894]   [0.06135619]
[0.06135619]   [0.10720011]
[0.10720011]   [0.24117124]
[0.24117124]   [0.25476176]
[0.25476176]   [0.20435068]
[0.20435068]   [0.08599798]
[0.08599798]   [0.07414164]
[0.07414164]   [0.05991849]
[0.05991849]   [0.15697218]
[0.15697218]   [0.08415019]
[0.08415019]   [0.17302988]
[0.17302988]   [0.16187833]
[0.16187833]   [0.23237106]
[0.23237106]   [0.23318696]
[0.23318696]   [0.18057829]
[0.18057829]   [0.09548119]
[0.09548119]   [0.03928064]
[0.03928064]   [0.16239724]
[0.16239724]   [0.09135503]
[0.09135503]   [0.12879224]
[0.12879224]   [0.23439218]
[0.23439218]   [0.24571899]
[0.24571899]   [0.24571899]
[0.24571899]   [0.16658825]
[0.16658825]   [0.09410653]
[0.09410653]   [0.08331807]
[0.08331807]   [0.17965232]
[0.17965232]   [0.06618132]
[0.06618132]   [0.09257393]
[0.09257393]   [0.24571899]
[0.24571899]   [0.24571899]
[0.24571899]   [0.24571899]
[0.24571899]   [0.2047129]
[0.2047129]   [0.10661836]
[0.10661836]   [0.05771719]
[0.05771719]   [0.18370813]
[0.18370813]   [0.03028143]
[0.03028143]   [0.08946119]
[0.08946119]   [0.20792769]
[0.20792769]   [0.24571899]
[0.24571899]   [0.27996585]
[0.27996585]   [0.23351164]
[0.23351164]   [0.11692969]
[0.11692969]   [0.04243471]
[0.04243471]   [0.13826257]
[0.13826257]   [0.09102867]
[0.09102867]   [0.17069319]
[0.17069319]   [0.2378589]
[0.2378589]   [0.26239708]
[0.26239708]   [0.27996585]
[0.27996585]   [0.16462784]
[0.16462784]   [0.10704444]
[0.10704444]   [0.04659203]
[0.04659203]   [0.08793325]
[0.08793325]   [0.05149438]
[0.05149438]   [0.08439913]
[0.08439913]   [0.09008569]
[0.09008569]   [0.27996585]
[0.27996585]   [0.27996585]
[0.27996585]   [0.16427302]
[0.16427302]   [0.05567084]
[0.05567084]   [0.01809313]
[0.01809313]   [0.12800553]
[0.12800553]   [0.04514895]
[0.04514895]   [0.10577076]
[0.10577076]   [0.17723972]
[0.17723972]   [0.27996585]
[0.27996585]   [0.27996585]
[0.27996585]   [0.12329327]
[0.12329327]   [0.03839882]
[0.03839882]   [0.01008018]
[0.01008018]   [0.07487451]
[0.07487451]   [0.05214195]
[0.05214195]   [0.03810887]
[0.03810887]   [0.11054783]
[0.11054783]   [0.27996585]
[0.27996585]   [0.24619381]
[0.24619381]   [0.05400954]
[0.05400954]   [0.03886369]
[0.03886369]   [0.06545782]
[0.06545782]   [0.1972465]
[0.1972465]   [0.07901363]
[0.07901363]   [0.03378843]
[0.03378843]   [0.01638456]
[0.01638456]   [0.23931877]
[0.23931877]   [0.08728687]
[0.08728687]   [0.03456026]
[0.03456026]   [0.02725058]
[0.02725058]   [0.17932515]
[0.17932515]   [0.36830345]
[0.36830345]   [0.26301128]
[0.26301128]   [0.06703325]
[0.06703325]   [0.01556966]
[0.01556966]   [0.08556636]
[0.08556636]   [0.29395556]
[0.29395556]   [0.05570752]
[0.05570752]   [0.02888177]
[0.02888177]   [0.07168636]
[0.07168636]   [0.2349611]
[0.2349611]   [0.06858288]
[0.06858288]   [0.00631853]
[0.00631853]   [0.05914833]
[0.05914833]   [0.29860583]
[0.29860583]   [0.11700933]
[0.11700933]   [0.04211872]
[0.04211872]   [0.0475373]
[0.0475373]   [0.29171422]
[0.29171422]   [0.36830345]
[0.36830345]   [0.25731277]
[0.25731277]   [0.0181532]
[0.0181532]   [0.03280834]
[0.03280834]   [0.101905]
[0.101905]   [0.02526077]
[0.02526077]   [0.03253662]
[0.03253662]   [0.04097758]
[0.04097758]   [0.22619434]
[0.22619434]   [0.37865314]
[0.37865314]   [0.23334195]
[0.23334195]   [0.10997313]
[0.10997313]   [0.06057468]
[0.06057468]   [0.0315289]
[0.0315289]   [0.06261926]
[0.06261926]   [0.04459342]
[0.04459342]   [0.1150918]
[0.1150918]   [0.12157966]
[0.12157966]   [0.21266788]
[0.21266788]   [0.11525772]
[0.11525772]   [0.11708147]
[0.11708147]   [0.07079622]
[0.07079622]   [0.06117767]
[0.06117767]   [0.02943292]
[0.02943292]   [0.05029772]
[0.05029772]   [0.07342637]
[0.07342637]   [0.34298497]
[0.34298497]   [0.37865314]
[0.37865314]   [0.31105715]
[0.31105715]   [0.07366209]
[0.07366209]   [0.07323392]
[0.07323392]   [0.03235279]
[0.03235279]   [0.07547776]
[0.07547776]   [0.09857331]
[0.09857331]   [0.2074286]
[0.2074286]   [0.17146385]
[0.17146385]   [0.30688098]
[0.30688098]   [0.17095064]
[0.17095064]   [0.12219788]
[0.12219788]   [0.07532953]
[0.07532953]   [0.04400774]
[0.04400774]   [0.07901523]
[0.07901523]   [0.10267762]
[0.10267762]   [0.21300124]
[0.21300124]   [0.14851543]
[0.14851543]   [0.19851388]
[0.19851388]   [0.17522088]
[0.17522088]   [0.18595217]
[0.18595217]   [0.0936257]
[0.0936257]   [0.12479784]
[0.12479784]   [0.06298511]
[0.06298511]   [0.15377553]
[0.15377553]   [0.21568482]
[0.21568482]   [0.21568482]
[0.21568482]   [0.19557202]
[0.19557202]   [0.16557081]
[0.16557081]   [0.15428509]
[0.15428509]   [0.11821645]
[0.11821645]   [0.12944698]
[0.12944698]   [0.11963163]
[0.11963163]   [0.1687727]
[0.1687727]   [0.21568482]
[0.21568482]   [0.16302806]
[0.16302806]   [0.16139524]
[0.16139524]   [0.21568482]
[0.21568482]   [0.21568482]
[0.21568482]   [0.08750412]
[0.08750412]   [0.08430362]
[0.08430362]   [0.10943332]
[0.10943332]   [0.18351524]
[0.18351524]   [0.21568482]
[0.21568482]   [0.204936]
[0.204936]   [0.19941323]
[0.19941323]   [0.18751273]
[0.18751273]   [0.18581755]
[0.18581755]   [0.15619418]
[0.15619418]   [0.16118827]
[0.16118827]   [0.04992705]
[0.04992705]   [0.0232736]
[0.0232736]   [0.07365815]
[0.07365815]   [0.04269251]
[0.04269251]   [0.06819419]
[0.06819419]   [0.15336128]
[0.15336128]   [0.20438662]
[0.20438662]   [0.12644202]
[0.12644202]   [0.07604139]
[0.07604139]   [0.0612388]
[0.0612388]   [0.0264729]
[0.0264729]   [0.0514299]
[0.0514299]   [0.04542454]
[0.04542454]   [0.13878234]
[0.13878234]   [0.18669513]
[0.18669513]   [0.26371694]
[0.26371694]   [0.19205412]
[0.19205412]   [0.11872063]
[0.11872063]   [0.29596543]
[0.29596543]   [0.08492962]
[0.08492962]   [0.04436366]
[0.04436366]   [0.03036045]
[0.03036045]   [0.08544578]
[0.08544578]   [0.12328406]
[0.12328406]   [0.12415846]
[0.12415846]   [0.14489272]
[0.14489272]   [0.29596543]
[0.29596543]   [0.29596543]
[0.29596543]   [0.10015751]
[0.10015751]   [0.07037435]
[0.07037435]   [0.03814906]
[0.03814906]   [0.11236069]
[0.11236069]   [0.29596543]
[0.29596543]   [0.29596543]
[0.29596543]   [0.29596543]
[0.29596543]   [0.29596543]
[0.29596543]   [0.05429337]
[0.05429337]   [0.04812604]
[0.04812604]   [0.09779375]
[0.09779375]   [0.0676929]
[0.0676929]   [0.12439001]
[0.12439001]   [0.10096904]
[0.10096904]   [0.10519741]
[0.10519741]   [0.11139873]
[0.11139873]   [0.09561341]
[0.09561341]   [0.10018009]
[0.10018009]   [0.24394481]
[0.24394481]   [0.24865682]
[0.24865682]   [0.23965496]
[0.23965496]   [0.17098227]
[0.17098227]   [0.1034933]
[0.1034933]   [0.12125187]
[0.12125187]   [0.06622016]
[0.06622016]   [0.06703173]
[0.06703173]   [0.15839003]
[0.15839003]   [0.13280292]
[0.13280292]   [0.235269]
[0.235269]   [0.15817799]
[0.15817799]   [0.14190617]
[0.14190617]   [0.24865682]
[0.24865682]   [0.24865682]
[0.24865682]   [0.24865682]
[0.24865682]   [0.141951]
[0.141951]   [0.12746283]
[0.12746283]   [0.24865682]
[0.24865682]   [0.24865682]
[0.24865682]   [0.24865682]
[0.24865682]   [0.24671443]
[0.24671443]   [0.1417574]
[0.1417574]   [0.16418026]
[0.16418026]   [0.07707875]
[0.07707875]   [0.05488757]
[0.05488757]   [0.13781618]
[0.13781618]   [0.17450735]
[0.17450735]   [0.21926542]
[0.21926542]   [0.1757128]
[0.1757128]   [0.14115687]
[0.14115687]   [0.13779004]
[0.13779004]   [0.15376817]
[0.15376817]   [0.11234979]
[0.11234979]   [0.11729972]
[0.11729972]   [0.21926542]
[0.21926542]   [0.0681921]
[0.0681921]   [0.10399514]
[0.10399514]   [0.11104272]
[0.11104272]   [0.17992306]
[0.17992306]   [0.21926542]
[0.21926542]   [0.19760618]
[0.19760618]   [0.20342065]
[0.20342065]   [0.21926542]
[0.21926542]   [0.12327278]
[0.12327278]   [0.17204757]
[0.17204757]   [0.21300504]
[0.21300504]   [0.10823882]
[0.10823882]   [0.16834301]
[0.16834301]   [0.1723503]
[0.1723503]   [0.165741]
[0.165741]   [0.15245768]
[0.15245768]   [0.07382229]
[0.07382229]   [0.10822621]
[0.10822621]   [0.12271901]
[0.12271901]   [0.16374971]
[0.16374971]   [0.14191242]
[0.14191242]   [0.17590672]
[0.17590672]   [0.21926542]
[0.21926542]   [0.1926606]
[0.1926606]   [0.21926542]
[0.21926542]   [0.20399001]
[0.20399001]   [0.23444116]
[0.23444116]   [0.04080741]
[0.04080741]   [0.05010674]
[0.05010674]   [0.07337666]
[0.07337666]   [0.15452187]
[0.15452187]   [0.23444116]
[0.23444116]   [0.22171058]
[0.22171058]   [0.14560942]
[0.14560942]   [0.18910019]
[0.18910019]   [0.21135631]
[0.21135631]   [0.07985263]
[0.07985263]   [0.06602076]
[0.06602076]   [0.0600439]
[0.0600439]   [0.12982059]
[0.12982059]   [0.23444116]
[0.23444116]   [0.23444116]
[0.23444116]   [0.18917097]
[0.18917097]   [0.1857202]
[0.1857202]   [0.0513477]
[0.0513477]   [0.12132467]
[0.12132467]   [0.11699299]
[0.11699299]   [0.11927433]
[0.11927433]   [0.12969597]
[0.12969597]   [0.23444116]
[0.23444116]   [0.23444116]
[0.23444116]   [0.21326785]
[0.21326785]   [0.11382153]
[0.11382153]   [0.1403296]
[0.1403296]   [0.13844562]
[0.13844562]   [0.09100652]
[0.09100652]   [0.06923883]
[0.06923883]   [0.09240191]
[0.09240191]   [0.23444116]
[0.23444116]   [0.23444116]
[0.23444116]   [0.23444116]
[0.23444116]   [0.19050723]
[0.19050723]   [0.24054542]
[0.24054542]   [0.16813187]
[0.16813187]   [0.08081205]
[0.08081205]   [0.06187932]
[0.06187932]   [0.10541728]
[0.10541728]   [0.15695727]
[0.15695727]   [0.24054542]
[0.24054542]   [0.16172369]
[0.16172369]   [0.23067008]
[0.23067008]   [0.24054542]
[0.24054542]   [0.14584205]
[0.14584205]   [0.13575436]
[0.13575436]   [0.07303694]
[0.07303694]   [0.06880485]
[0.06880485]   [0.10933263]
[0.10933263]   [0.08747177]
[0.08747177]   [0.067447]
[0.067447]   [0.23787482]
[0.23787482]   [0.24054542]
[0.24054542]   [0.23115245]
[0.23115245]   [0.10612176]
[0.10612176]   [0.04828612]
[0.04828612]   [0.06950084]
[0.06950084]   [0.09957015]
[0.09957015]   [0.20318995]
[0.20318995]   [0.18004066]
[0.18004066]   [0.24054542]
[0.24054542]   [0.24054542]
[0.24054542]   [0.22712737]
[0.22712737]   [0.20030583]
[0.20030583]   [0.09727181]
[0.09727181]   [0.08867224]
[0.08867224]   [0.12906468]
[0.12906468]   [0.09864928]
[0.09864928]   [0.13199325]
[0.13199325]   [0.24054542]
[0.24054542]   [0.20600162]
[0.20600162]   [0.10596787]
[0.10596787]   [0.21343845]
[0.21343845]   [0.10978364]
[0.10978364]   [0.05494968]
[0.05494968]   [0.07522197]
[0.07522197]   [0.04577308]
[0.04577308]   [0.07862902]
[0.07862902]   [0.21333912]
[0.21333912]   [0.23018502]
[0.23018502]   [0.18118587]
[0.18118587]   [0.15558073]
[0.15558073]   [0.11858031]
[0.11858031]   [0.13025099]
[0.13025099]   [0.08834425]
[0.08834425]   [0.058672]
[0.058672]   [0.12731694]
[0.12731694]   [0.23018502]
[0.23018502]   [0.23018502]
[0.23018502]   [0.13362552]
[0.13362552]   [0.22829431]
[0.22829431]   [0.14732328]
[0.14732328]   [0.08179231]
[0.08179231]   [0.12599167]
[0.12599167]   [0.11474746]
[0.11474746]   [0.1369822]
[0.1369822]   [0.23018502]
[0.23018502]   [0.23018502]
[0.23018502]   [0.17261851]
[0.17261851]   [0.14726305]
[0.14726305]   [0.16425502]
[0.16425502]   [0.2216556]
[0.2216556]   [0.23018502]
[0.23018502]   [0.22175859]
[0.22175859]   [0.12082453]
[0.12082453]   [0.23018502]
[0.23018502]   [0.25816286]
[0.25816286]   [0.11760861]
[0.11760861]   [0.04590651]
[0.04590651]   [0.08768342]
[0.08768342]   [0.12508553]
[0.12508553]   [0.10023879]
[0.10023879]   [0.06595249]
[0.06595249]   [0.12001043]
[0.12001043]   [0.25816286]
[0.25816286]   [0.25816286]
[0.25816286]   [0.0441658]
[0.0441658]   [0.04656081]
[0.04656081]   [0.0646792]
[0.0646792]   [0.16835213]
[0.16835213]   [0.16609739]
[0.16609739]   [0.10187928]
[0.10187928]   [0.19166669]
[0.19166669]   [0.25816286]
[0.25816286]   [0.25816286]
[0.25816286]   [0.09356508]
[0.09356508]   [0.05335138]
[0.05335138]   [0.11621556]
[0.11621556]   [0.170233]
[0.170233]   [0.25816286]
[0.25816286]   [0.23697916]
[0.23697916]   [0.10352819]
[0.10352819]   [0.25816286]
[0.25816286]   [0.25816286]
[0.25816286]   [0.06084374]
[0.06084374]   [0.04998826]
[0.04998826]   [0.0701025]
[0.0701025]   [0.11390221]
[0.11390221]   [0.18319537]
[0.18319537]   [0.1101866]
[0.1101866]   [0.16556409]
[0.16556409]   [0.25816286]
[0.25816286]   [0.25852415]
[0.25852415]   [0.05693515]
[0.05693515]   [0.05862902]
[0.05862902]   [0.05687152]
[0.05687152]   [0.10845573]
[0.10845573]   [0.10040486]
[0.10040486]   [0.07668685]
[0.07668685]   [0.13807423]
[0.13807423]   [0.25852415]
[0.25852415]   [0.21046825]
[0.21046825]   [0.0896761]
[0.0896761]   [0.12782483]
[0.12782483]   [0.25852415]
[0.25852415]   [0.24858359]
[0.24858359]   [0.08209389]
[0.08209389]   [0.05668948]
[0.05668948]   [0.06604799]
[0.06604799]   [0.18146232]
[0.18146232]   [0.18695801]
[0.18695801]   [0.07967361]
[0.07967361]   [0.07206812]
[0.07206812]   [0.17053127]
[0.17053127]   [0.24971846]
[0.24971846]   [0.23166527]
[0.23166527]   [0.08881333]
[0.08881333]   [0.13630368]
[0.13630368]   [0.25852415]
[0.25852415]   [0.11825689]
[0.11825689]   [0.07865095]
[0.07865095]   [0.13211884]
[0.13211884]   [0.25852415]
[0.25852415]   [0.25852415]
[0.25852415]   [0.25852415]
[0.25852415]   [0.12171106]
[0.12171106]   [0.06612531]
[0.06612531]   [0.14238128]
[0.14238128]   [0.18332514]
[0.18332514]   [0.10280613]
[0.10280613]   [0.13528113]
[0.13528113]   [0.2820244]
[0.2820244]   [0.2820244]
[0.2820244]   [0.08266214]
[0.08266214]   [0.06025014]
[0.06025014]   [0.08803073]
[0.08803073]   [0.17777364]
[0.17777364]   [0.2689492]
[0.2689492]   [0.11205678]
[0.11205678]   [0.06526652]
[0.06526652]   [0.2552553]
[0.2552553]   [0.13341482]
[0.13341482]   [0.03413798]
[0.03413798]   [0.11734857]
[0.11734857]   [0.17424569]
[0.17424569]   [0.24270563]
[0.24270563]   [0.06308634]
[0.06308634]   [0.03320214]
[0.03320214]   [0.09401075]
[0.09401075]   [0.2820244]
[0.2820244]   [0.2820244]
[0.2820244]   [0.26594937]
[0.26594937]   [0.15968215]
[0.15968215]   [0.03482288]
[0.03482288]   [0.13434188]
[0.13434188]   [0.01288937]
[0.01288937]   [0.00698006]
[0.00698006]   [0.02922061]
[0.02922061]   [0.26131868]
[0.26131868]   [0.2820244]
[0.2820244]   [0.10040978]
[0.10040978]   [0.0422157]
[0.0422157]   [0.00482866]
[0.00482866]   [0.01543632]
[0.01543632]   [0.17658822]
[0.17658822]   [0.10541487]
[0.10541487]   [0.08248191]
[0.08248191]   [0.09679426]
[0.09679426]   [0.09338965]
[0.09338965]   [0.02814711]
[0.02814711]   [0.05684682]
[0.05684682]   [0.07268556]
[0.07268556]   [0.13620594]
[0.13620594]   [0.2718564]
[0.2718564]   [0.17135648]
[0.17135648]   [0.12699805]
[0.12699805]   [0.09057844]
[0.09057844]   [0.23131104]
[0.23131104]   [0.15055639]
[0.15055639]   [0.03751417]
[0.03751417]   [0.05948245]
[0.05948245]   [0.2718564]
[0.2718564]   [0.0340959]
[0.0340959]   [0.03287209]
[0.03287209]   [0.08363282]
[0.08363282]   [0.21022615]
[0.21022615]   [0.2718564]
[0.2718564]   [0.08450083]
[0.08450083]   [0.05899668]
[0.05899668]   [0.02520979]
[0.02520979]   [0.03941955]
[0.03941955]   [0.25987583]
[0.25987583]   [0.1318252]
[0.1318252]   [0.21351743]
[0.21351743]   [0.2718564]
[0.2718564]   [0.2718564]
[0.2718564]   [0.2718564]
[0.2718564]   [0.19465749]
[0.19465749]   [0.124266]
[0.124266]   [0.2718564]
[0.2718564]   [0.28536734]
[0.28536734]   [0.10725752]
[0.10725752]   [0.05925015]
[0.05925015]   [0.0415312]
[0.0415312]   [0.17910086]
[0.17910086]   [0.1114025]
[0.1114025]   [0.02983917]
[0.02983917]   [0.07422002]
[0.07422002]   [0.28101364]
[0.28101364]   [0.28536734]
[0.28536734]   [0.09217298]
[0.09217298]   [0.02334716]
[0.02334716]   [0.01600746]
[0.01600746]   [0.05301498]
[0.05301498]   [0.01071931]
[0.01071931]   [0.02991815]
[0.02991815]   [0.07397404]
[0.07397404]   [0.2781746]
[0.2781746]   [0.28536734]
[0.28536734]   [0.09145937]
[0.09145937]   [0.10522072]
[0.10522072]   [0.17160097]
[0.17160097]   [0.28536734]
[0.28536734]   [0.28536734]
[0.28536734]   [0.09527142]
[0.09527142]   [0.10899369]
[0.10899369]   [0.28536734]
[0.28536734]   [0.28536734]
[0.28536734]   [0.09644341]
[0.09644341]   [0.04628515]
[0.04628515]   [0.031675]
[0.031675]   [0.08373433]
[0.08373433]   [0.03511833]
[0.03511833]   [0.05209082]
[0.05209082]   [0.09930723]
[0.09930723]   [0.28536734]
[0.28536734]   [0.30024794]
[0.30024794]   [0.08795003]
[0.08795003]   [0.01696248]
[0.01696248]   [0.0038442]
[0.0038442]   [0.02197591]
[0.02197591]   [0.01243048]
[0.01243048]   [0.04684055]
[0.04684055]   [0.07714915]
[0.07714915]   [0.29183722]
[0.29183722]   [0.35039195]
[0.35039195]   [0.08073043]
[0.08073043]   [0.01677286]
[0.01677286]   [0.00278126]
[0.00278126]   [0.0174823]
[0.0174823]   [0.01769713]
[0.01769713]   [0.02314654]
[0.02314654]   [0.06470664]
[0.06470664]   [0.320045]
[0.320045]   [0.35039195]
[0.35039195]   [0.14928918]
[0.14928918]   [0.0462199]
[0.0462199]   [0.01831301]
[0.01831301]   [0.04140782]
[0.04140782]   [0.01017105]
[0.01017105]   [0.0799998]
[0.0799998]   [0.09727833]
[0.09727833]   [0.35039195]
[0.35039195]   [0.35039195]
[0.35039195]   [0.14326757]
[0.14326757]   [0.02859044]
[0.02859044]   [0.01042189]
[0.01042189]   [0.02243459]
[0.02243459]   [0.02396443]
[0.02396443]   [0.04472635]
[0.04472635]   [0.09455754]
[0.09455754]   [0.35039195]
[0.35039195]   [0.2973944]
[0.2973944]   [0.04396202]
[0.04396202]   [0.03014677]
[0.03014677]   [0.08272656]
[0.08272656]   [0.08708626]
[0.08708626]   [0.02422304]
[0.02422304]   [0.00153806]
[0.00153806]   [0.05088464]
[0.05088464]   [0.25884014]
[0.25884014]   [0.10028158]
[0.10028158]   [0.03500323]
[0.03500323]   [0.08007181]
[0.08007181]   [0.2930384]
[0.2930384]   [0.2994634]
[0.2994634]   [0.11116435]
[0.11116435]   [0.01239419]
[0.01239419]   [0.02553817]
[0.02553817]   [0.10588585]
[0.10588585]   [0.2994634]
[0.2994634]   [0.09058134]
[0.09058134]   [0.05283519]
[0.05283519]   [0.07559134]
[0.07559134]   [0.07515224]
[0.07515224]   [0.05166606]
[0.05166606]   [0.0354761]
[0.0354761]   [0.11551201]
[0.11551201]   [0.2994634]
[0.2994634]   [0.25312117]
[0.25312117]   [0.10227323]
[0.10227323]   [0.15984938]
[0.15984938]   [0.28541914]
[0.28541914]   [0.2994634]
[0.2994634]   [0.12813506]
[0.12813506]   [0.06819217]
[0.06819217]   [0.11643827]
[0.11643827]   [0.28047004]
[0.28047004]   [0.02202614]
[0.02202614]   [0.06234702]
[0.06234702]   [0.12961651]
[0.12961651]   [0.31071964]
[0.31071964]   [0.31071964]
[0.31071964]   [0.26678798]
[0.26678798]   [0.06034062]
[0.06034062]   [0.033365]
[0.033365]   [0.02132004]
[0.02132004]   [0.05850798]
[0.05850798]   [0.07664822]
[0.07664822]   [0.14421399]
[0.14421399]   [0.13972938]
[0.13972938]   [0.2566861]
[0.2566861]   [0.16760746]
[0.16760746]   [0.08987366]
[0.08987366]   [0.07080315]
[0.07080315]   [0.03302891]
[0.03302891]   [0.06258287]
[0.06258287]   [0.13008165]
[0.13008165]   [0.25938967]
[0.25938967]   [0.31071964]
[0.31071964]   [0.31071964]
[0.31071964]   [0.26217374]
[0.26217374]   [0.1506337]
[0.1506337]   [0.09702031]
[0.09702031]   [0.07349253]
[0.07349253]   [0.08236546]
[0.08236546]   [0.10570055]
[0.10570055]   [0.12401062]
[0.12401062]   [0.15013374]
[0.15013374]   [0.19001588]
[0.19001588]   [0.18757151]
[0.18757151]   [0.10269228]
[0.10269228]   [0.10645076]
[0.10645076]   [0.10939462]
[0.10939462]   [0.10150596]
[0.10150596]   [0.11980066]
[0.11980066]   [0.19465263]
[0.19465263]   [0.16072291]
[0.16072291]   [0.16325805]
[0.16325805]   [0.19874147]
[0.19874147]   [0.1812578]
[0.1812578]   [0.08231527]
[0.08231527]   [0.0767725]
[0.0767725]   [0.08888783]
[0.08888783]   [0.14287987]
[0.14287987]   [0.15592761]
[0.15592761]   [0.14163451]
[0.14163451]   [0.19148186]
[0.19148186]   [0.17732936]
[0.17732936]   [0.1833792]
[0.1833792]   [0.11117596]
[0.11117596]   [0.12742707]
[0.12742707]   [0.14714223]
[0.14714223]   [0.15917811]
[0.15917811]   [0.13934484]
[0.13934484]   [0.19838034]
[0.19838034]   [0.19607013]
[0.19607013]   [0.20304768]
[0.20304768]   [0.14792325]
[0.14792325]   [0.14841822]
[0.14841822]   [0.1784818]
[0.1784818]   [0.15869607]
[0.15869607]   [0.19398287]
[0.19398287]   [0.21953325]
[0.21953325]   [0.21953325]
[0.21953325]   [0.21953325]
[0.21953325]   [0.20142432]
[0.20142432]   [0.17358863]
[0.17358863]   [0.1381517]
[0.1381517]   [0.19063267]
[0.19063267]   [0.26440877]
[0.26440877]   [0.0712609]
[0.0712609]   [0.02666267]
[0.02666267]   [0.008967]
[0.008967]   [0.04207534]
[0.04207534]   [0.03854002]
[0.03854002]   [0.06499781]
[0.06499781]   [0.12747733]
[0.12747733]   [0.26440877]
[0.26440877]   [0.26440877]
[0.26440877]   [0.07856057]
[0.07856057]   [0.06558412]
[0.06558412]   [0.01917015]
[0.01917015]   [0.03467098]
[0.03467098]   [0.24327558]
[0.24327558]   [0.26440877]
[0.26440877]   [0.26440877]
[0.26440877]   [0.24175957]
[0.24175957]   [0.26440877]
[0.26440877]   [0.09516862]
[0.09516862]   [0.04024024]
[0.04024024]   [0.01397123]
[0.01397123]   [0.03316259]
[0.03316259]   [0.02073194]
[0.02073194]   [0.05164561]
[0.05164561]   [0.18183604]
[0.18183604]   [0.26440877]
[0.26440877]   [0.26440877]
[0.26440877]   [0.11908048]
[0.11908048]   [0.10768855]
[0.10768855]   [0.0431306]
[0.0431306]   [0.03661815]
[0.03661815]   [0.10597394]
[0.10597394]   [0.2425408]
[0.2425408]   [0.24841249]
[0.24841249]   [0.26440877]
[0.26440877]   [0.13968356]
[0.13968356]   [0.12082031]
[0.12082031]   [0.18469921]
[0.18469921]   [0.11458989]
[0.11458989]   [0.07176214]
[0.07176214]   [0.23778133]
[0.23778133]   [0.23778133]
[0.23778133]   [0.21602796]
[0.21602796]   [0.1351879]
[0.1351879]   [0.09017134]
[0.09017134]   [0.17852998]
[0.17852998]   [0.22640148]
[0.22640148]   [0.1683691]
[0.1683691]   [0.12173501]
[0.12173501]   [0.08235468]
[0.08235468]   [0.13705108]
[0.13705108]   [0.10637502]
[0.10637502]   [0.08409897]
[0.08409897]   [0.23778133]
[0.23778133]   [0.11564053]
[0.11564053]   [0.23778133]
[0.23778133]   [0.13309605]
[0.13309605]   [0.09821355]
[0.09821355]   [0.16813992]
[0.16813992]   [0.23778133]
[0.23778133]   [0.1719571]
[0.1719571]   [0.23778133]
[0.23778133]   [0.1981087]
[0.1981087]   [0.11221826]
[0.11221826]   [0.20614462]
[0.20614462]   [0.10269899]
[0.10269899]   [0.06957369]
[0.06957369]   [0.07598008]
[0.07598008]   [0.11408848]
[0.11408848]   [0.2145825]
[0.2145825]   [0.23541975]
[0.23541975]   [0.11024909]
[0.11024909]   [0.15671042]
[0.15671042]   [0.12048628]
[0.12048628]   [0.09186013]
[0.09186013]   [0.14731573]
[0.14731573]   [0.1367813]
[0.1367813]   [0.13556693]
[0.13556693]   [0.20384458]
[0.20384458]   [0.10701313]
[0.10701313]   [0.09150979]
[0.09150979]   [0.2163359]
[0.2163359]   [0.21448591]
[0.21448591]   [0.1319281]
[0.1319281]   [0.13593116]
[0.13593116]   [0.20849119]
[0.20849119]   [0.18017209]
[0.18017209]   [0.2163359]
[0.2163359]   [0.16167054]
[0.16167054]   [0.2163359]
[0.2163359]   [0.1754411]
[0.1754411]   [0.14099136]
[0.14099136]   [0.07887519]
[0.07887519]   [0.04684362]
[0.04684362]   [0.09917929]
[0.09917929]   [0.12430076]
[0.12430076]   [0.2163359]
[0.2163359]   [0.2163359]
[0.2163359]   [0.18520351]
[0.18520351]   [0.2163359]
[0.2163359]   [0.21428417]
[0.21428417]   [0.12856881]
[0.12856881]   [0.07698914]
[0.07698914]   [0.16952567]
[0.16952567]   [0.20943326]
[0.20943326]   [0.2163359]
[0.2163359]   [0.2163359]
[0.2163359]   [0.05125226]
[0.05125226]   [0.15640043]
[0.15640043]   [0.13780472]
[0.13780472]   [0.09467661]
[0.09467661]   [0.08411289]
[0.08411289]   [0.22715406]
[0.22715406]   [0.22715406]
[0.22715406]   [0.19203645]
[0.19203645]   [0.11485999]
[0.11485999]   [0.13419048]
[0.13419048]   [0.09789974]
[0.09789974]   [0.05232231]
[0.05232231]   [0.07807591]
[0.07807591]   [0.11599995]
[0.11599995]   [0.22715406]
[0.22715406]   [0.22715406]
[0.22715406]   [0.22715406]
[0.22715406]   [0.22715406]
[0.22715406]   [0.11107662]
[0.11107662]   [0.1248516]
[0.1248516]   [0.12150562]
[0.12150562]   [0.08990172]
[0.08990172]   [0.10457163]
[0.10457163]   [0.16715626]
[0.16715626]   [0.2201999]
[0.2201999]   [0.22715406]
[0.22715406]   [0.16617526]
[0.16617526]   [0.1559801]
[0.1559801]   [0.06150703]
[0.06150703]   [0.06994618]
[0.06994618]   [0.16212046]
[0.16212046]   [0.22715406]
[0.22715406]   [0.21621627]
[0.21621627]   [0.22715406]
[0.22715406]   [0.22715406]
[0.22715406]   [0.21882255]
[0.21882255]   [0.25983483]
[0.25983483]   [0.12642464]
[0.12642464]   [0.04589677]
[0.04589677]   [0.04471593]
[0.04471593]   [0.08653505]
[0.08653505]   [0.08470135]
[0.08470135]   [0.1183501]
[0.1183501]   [0.2312304]
[0.2312304]   [0.25983483]
[0.25983483]   [0.25983483]
[0.25983483]   [0.1823223]
[0.1823223]   [0.1310875]
[0.1310875]   [0.08827759]
[0.08827759]   [0.06720184]
[0.06720184]   [0.07124172]
[0.07124172]   [0.08676198]
[0.08676198]   [0.14674889]
[0.14674889]   [0.25983483]
[0.25983483]   [0.25983483]
[0.25983483]   [0.13386777]
[0.13386777]   [0.03591772]
[0.03591772]   [0.09467017]
[0.09467017]   [0.15944259]
[0.15944259]   [0.12526992]
[0.12526992]   [0.17340386]
[0.17340386]   [0.23146759]
[0.23146759]   [0.25983483]
[0.25983483]   [0.25983483]
[0.25983483]   [0.24675696]
[0.24675696]   [0.05887898]
[0.05887898]   [0.03431104]
[0.03431104]   [0.01893119]
[0.01893119]   [0.04575289]
[0.04575289]   [0.08269671]
[0.08269671]   [0.17445469]
[0.17445469]   [0.25983483]
[0.25983483]   [0.23849988]
[0.23849988]   [0.14651076]
[0.14651076]   [0.13605586]
[0.13605586]   [0.12838617]
[0.12838617]   [0.05496099]
[0.05496099]   [0.09722652]
[0.09722652]   [0.18059759]
[0.18059759]   [0.15065488]
[0.15065488]   [0.23849988]
[0.23849988]   [0.23849988]
[0.23849988]   [0.12087149]
[0.12087149]   [0.10522651]
[0.10522651]   [0.10480235]
[0.10480235]   [0.11595234]
[0.11595234]   [0.23849988]
[0.23849988]   [0.23849988]
[0.23849988]   [0.1367659]
[0.1367659]   [0.23849988]
[0.23849988]   [0.23849988]
[0.23849988]   [0.17249812]
[0.17249812]   [0.07243522]
[0.07243522]   [0.06442706]
[0.06442706]   [0.01263217]
[0.01263217]   [0.06782169]
[0.06782169]   [0.12302545]
[0.12302545]   [0.22717308]
[0.22717308]   [0.23849988]
[0.23849988]   [0.23849988]
[0.23849988]   [0.13238993]
[0.13238993]   [0.09968155]
[0.09968155]   [0.06095847]
[0.06095847]   [0.0605123]
[0.0605123]   [0.12638201]
[0.12638201]   [0.13980778]
[0.13980778]   [0.2339179]
[0.2339179]   [0.23849988]
[0.23849988]   [0.16460954]
[0.16460954]   [0.04912278]
[0.04912278]   [0.04591038]
[0.04591038]   [0.08128391]
[0.08128391]   [0.10609546]
[0.10609546]   [0.25016105]
[0.25016105]   [0.25016105]
[0.25016105]   [0.1205508]
[0.1205508]   [0.22725126]
[0.22725126]   [0.25016105]
[0.25016105]   [0.08709238]
[0.08709238]   [0.03059306]
[0.03059306]   [0.04880306]
[0.04880306]   [0.05048616]
[0.05048616]   [0.16493115]
[0.16493115]   [0.22156605]
[0.22156605]   [0.1314342]
[0.1314342]   [0.25016105]
[0.25016105]   [0.25016105]
[0.25016105]   [0.08669608]
[0.08669608]   [0.06672824]
[0.06672824]   [0.05350029]
[0.05350029]   [0.06949272]
[0.06949272]   [0.1521586]
[0.1521586]   [0.16788083]
[0.16788083]   [0.15629822]
[0.15629822]   [0.25016105]
[0.25016105]   [0.25016105]
[0.25016105]   [0.21363938]
[0.21363938]   [0.1066046]
[0.1066046]   [0.08604968]
[0.08604968]   [0.04847209]
[0.04847209]   [0.11313621]
[0.11313621]   [0.25016105]
[0.25016105]   [0.19134407]
[0.19134407]   [0.25016105]
[0.25016105]   [0.11987688]
[0.11987688]   [0.04863804]
[0.04863804]   [0.04313208]
[0.04313208]   [0.10318487]
[0.10318487]   [0.20741704]
[0.20741704]   [0.25068647]
[0.25068647]   [0.1146016]
[0.1146016]   [0.06286883]
[0.06286883]   [0.15223369]
[0.15223369]   [0.02799117]
[0.02799117]   [0.03464656]
[0.03464656]   [0.06805222]
[0.06805222]   [0.21020849]
[0.21020849]   [0.26986754]
[0.26986754]   [0.26986754]
[0.26986754]   [0.19801238]
[0.19801238]   [0.03534702]
[0.03534702]   [0.0805703]
[0.0805703]   [0.26986754]
[0.26986754]   [0.14848767]
[0.14848767]   [0.07361855]
[0.07361855]   [0.0576038]
[0.0576038]   [0.13256474]
[0.13256474]   [0.17973909]
[0.17973909]   [0.14832065]
[0.14832065]   [0.11286362]
[0.11286362]   [0.26986754]
[0.26986754]   [0.22937603]
[0.22937603]   [0.06418916]
[0.06418916]   [0.06345826]
[0.06345826]   [0.05085886]
[0.05085886]   [0.26986754]
[0.26986754]   [0.26986754]
[0.26986754]   [0.23093204]
[0.23093204]   [0.09011734]
[0.09011734]   [0.21681395]
[0.21681395]   [0.02281231]
[0.02281231]   [0.01914769]
[0.01914769]   [0.04010697]
[0.04010697]   [0.18046178]
[0.18046178]   [0.2877302]
[0.2877302]   [0.2877302]
[0.2877302]   [0.2877302]
[0.2877302]   [0.02777183]
[0.02777183]   [0.07019819]
[0.07019819]   [0.02363586]
[0.02363586]   [0.01163436]
[0.01163436]   [0.01835235]
[0.01835235]   [0.1160197]
[0.1160197]   [0.2032933]
[0.2032933]   [0.13077843]
[0.13077843]   [0.11473058]
[0.11473058]   [0.007429]
[0.007429]   [0.01867753]
[0.01867753]   [0.1353711]
[0.1353711]   [0.02092249]
[0.02092249]   [0.03971757]
[0.03971757]   [0.05449908]
[0.05449908]   [0.2877302]
[0.2877302]   [0.2877302]
[0.2877302]   [0.2877302]
[0.2877302]   [0.0753243]
[0.0753243]   [0.09437267]
[0.09437267]   [0.2877302]
[0.2877302]   [0.03994241]
[0.03994241]   [0.03529606]
[0.03529606]   [0.05711236]
[0.05711236]   [0.16255823]
[0.16255823]   [0.22160843]
[0.22160843]   [0.2877302]
[0.2877302]   [0.07243454]
[0.07243454]   [0.2877302]
[0.2877302]   [0.05522012]
[0.05522012]   [0.02174175]
[0.02174175]   [0.059889]
[0.059889]   [0.16533788]
[0.16533788]   [0.2245027]
[0.2245027]   [0.07249731]
[0.07249731]   [0.05689544]
[0.05689544]   [0.04610918]
[0.04610918]   [0.0697136]
[0.0697136]   [0.29580662]
[0.29580662]   [0.12483545]
[0.12483545]   [0.11678571]
[0.11678571]   [0.29580662]
[0.29580662]   [0.29580662]
[0.29580662]   [0.26637197]
[0.26637197]   [0.17109978]
[0.17109978]   [0.16314448]
[0.16314448]   [0.26709357]
[0.26709357]   [0.29580662]
[0.29580662]   [0.0494111]
[0.0494111]   [0.03240702]
[0.03240702]   [0.03807871]
[0.03807871]   [0.07153139]
[0.07153139]   [0.03223273]
[0.03223273]   [0.04176687]
[0.04176687]   [0.0938201]
[0.0938201]   [0.29580662]
[0.29580662]   [0.29580662]
[0.29580662]   [0.12654798]
[0.12654798]   [0.04910052]
[0.04910052]   [0.03987265]
[0.03987265]   [0.0471217]
[0.0471217]   [0.04294869]
[0.04294869]   [0.03161868]
[0.03161868]   [0.10038263]
[0.10038263]   [0.29580662]
[0.29580662]   [0.29459748]
[0.29459748]   [0.10486907]
[0.10486907]   [0.07985806]
[0.07985806]   [0.18161]
[0.18161]   [0.27063033]
[0.27063033]   [0.20276941]
[0.20276941]   [0.06931729]
[0.06931729]   [0.10403494]
[0.10403494]   [0.2752367]
[0.2752367]   [0.29459748]
[0.29459748]   [0.08671688]
[0.08671688]   [0.08747222]
[0.08747222]   [0.07079311]
[0.07079311]   [0.16232225]
[0.16232225]   [0.0363327]
[0.0363327]   [0.0352698]
[0.0352698]   [0.05820114]
[0.05820114]   [0.29459748]
[0.29459748]   [0.29459748]
[0.29459748]   [0.10189559]
[0.10189559]   [0.0675044]
[0.0675044]   [0.05608503]
[0.05608503]   [0.04669896]
[0.04669896]   [0.06154977]
[0.06154977]   [0.02277239]
[0.02277239]   [0.04952035]
[0.04952035]   [0.29459748]
[0.29459748]   [0.29459748]
[0.29459748]   [0.05203287]
[0.05203287]   [0.10082045]
[0.10082045]   [0.07892478]
[0.07892478]   [0.15308733]
[0.15308733]   [0.04778309]
[0.04778309]   [0.05739475]
[0.05739475]   [0.07631262]
[0.07631262]   [0.29459748]
[0.29459748]   [0.30642208]
[0.30642208]   [0.08203965]
[0.08203965]   [0.06809699]
[0.06809699]   [0.0468936]
[0.0468936]   [0.16008714]
[0.16008714]   [0.01956279]
[0.01956279]   [0.04374209]
[0.04374209]   [0.04470383]
[0.04470383]   [0.30642208]
[0.30642208]   [0.30642208]
[0.30642208]   [0.09481435]
[0.09481435]   [0.05134821]
[0.05134821]   [0.07899428]
[0.07899428]   [0.11538688]
[0.11538688]   [0.09993106]
[0.09993106]   [0.06662101]
[0.06662101]   [0.07255503]
[0.07255503]   [0.30642208]
[0.30642208]   [0.30599222]
[0.30599222]   [0.05017956]
[0.05017956]   [0.11612216]
[0.11612216]   [0.07152317]
[0.07152317]   [0.17016384]
[0.17016384]   [0.02428401]
[0.02428401]   [0.06865626]
