21.85694694519043   6.065998077392578   1
7.6014628410339355   43.62898254394531   1
51.34716033935547   74.0743408203125   1
51.34716033935547   74.0743408203125   1
51.34716033935547   74.0743408203125   1
48.95206832885742   57.314849853515625   1
15.444994926452637   35.045387268066406   1
52.52375030517578   67.93182373046875   1
40.57461929321289   5.650494575500488   1
17.81849479675293   33.403175354003906   1
17.860437393188477   39.004459381103516   1
18.547197341918945   66.76197814941406   1
19.17167091369629   56.18227005004883   1
20.421842575073242   52.38918685913086   1
47.98639678955078   84.88519287109375   1
47.93445587158203   32.542930603027344   1
43.980552673339844   69.42435455322266   1
43.15506362915039   60.73944091796875   1
40.57461929321289   5.650494575500488   1
38.06596755981445   108.89208984375   1
